Iteração	Valor Iteração		e^5				e^5 – it
1			1				20.0855369232	19.0855369232
2			5.5				20.0855369232	14.5855369232
3			10				20.0855369232	10.0855369232
4			13.375			20.0855369232	6.7105369232
5			15.4			20.0855369232	4.6855369232
6			16.4125			20.0855369232	3.6730369232
7			16.8464285714	20.0855369232	3.2391083518
8			17.0091517857	20.0855369232	3.0763851375
9			17.0633928571	20.0855369232	3.022144066
10			17.0796651786	20.0855369232	3.0058717446
11			17.0841030844	20.0855369232	3.0014338388
12			17.0852125609	20.0855369232	3.0003243623				
13			17.0854685939	20.0855369232	3.0000683293
14			17.0855234581	20.0855369232	3.0000134651
15			17.085534431	20.0855369232	3.0000024922
16			17.0855364884	20.0855369232	3.0000004348
17			17.0855368515	20.0855369232	3.0000000717
18			17.085536912	20.0855369232	3.0000000112
19			17.0855369215	20.0855369232	3.0000000017
20			17.085536923	20.0855369232	3.0000000002
21			17.0855369232	20.0855369232	3
22			17.0855369232	20.0855369232	3
23			17.0855369232	20.0855369232	3
24			17.0855369232	20.0855369232	3
25			17.0855369232	20.0855369232	3
				
